[{"id": 0, "img_name": "r_0", "width": 800, "height": 800, "position": [-0.0, 2.737260103225708, 2.9592916965484615], "rotation": [[-1.0000001192092896, -0.0, -0.0], [0.0, 0.7341100573539734, -0.67903071641922], [-0.0, -0.67903071641922, -0.7341099977493285]], "fy": 1250.0000504168488, "fx": 1250.0000504168488}, {"id": 1, "img_name": "r_1", "width": 800, "height": 800, "position": [-0.17187398672103882, 2.7318587303161617, 2.959291696548463], "rotation": [[-0.9980268478393554, -0.04609515145421028, 0.042636692523956285], [-0.06279052793979643, 0.7326614856719971, -0.677690804004669], [-3.725290304722074e-09, -0.6790307164192197, -0.7341099977493286]], "fy": 1250.0000504168488, "fx": 1250.0000504168488}, {"id": 2, "img_name": "r_2", "width": 800, "height": 800, "position": [-0.34313371777534485, 2.716182947158814, 2.9588191509246826], "rotation": [[-0.9921148419380189, -0.09199368953704831, 0.08512100577354428], [-0.12533324956893924, 0.7282050251960753, -0.6738021373748779], [1.0186195712095438e-17, -0.6791574954986571, -0.7339927554130553]], "fy": 1250.0000504168488, "fx": 1250.0000504168488}, {"id": 3, "img_name": "r_3", "width": 800, "height": 800, "position": [-0.5132942199707032, 2.690782308578491, 2.957400560379029], "rotation": [[-0.9822872877120973, -0.13747063279151917, 0.1273326575756073], [-0.1873813420534134, 0.7206461429595947, -0.6675010919570923], [1.4901159387190602e-08, -0.6795375347137451, -0.7336409091949463]], "fy": 1250.0000504168488, "fx": 1250.0000504168488}, {"id": 4, "img_name": "r_4", "width": 800, "height": 800, "position": [-0.6818711757659911, 2.6557128429412833, 2.955036401748657], "rotation": [[-0.968583345413208, -0.18230324983596802, 0.16915145516395572], [-0.2486899644136429, 0.7100241780281067, -0.6588013768196107], [7.45058153223176e-09, -0.6801701188087463, -0.7330544590950012]], "fy": 1250.0000504168488, "fx": 1250.0000504168488}, {"id": 5, "img_name": "r_5", "width": 800, "height": 800, "position": [-0.8483804464340211, 2.6110463142395015, 2.951726198196411], "rotation": [[-0.9510567188262938, -0.22627255320549008, 0.21045731008052826], [-0.3090170621871948, 0.6963952183723447, -0.6477209329605103], [1.4901162960044782e-08, -0.6810541152954102, -0.732233226299286]], "fy": 1250.0000504168488, "fx": 1250.0000504168488}, {"id": 6, "img_name": "r_6", "width": 800, "height": 800, "position": [-1.0123374462127686, 2.5568726062774663, 2.947469234466552], "rotation": [[-0.9297767877578735, -0.2691642642021178, 0.2511300444602967], [-0.36812466382980347, 0.6798313260078429, -0.6342820525169374], [4.058848541727863e-17, -0.6821877360343933, -0.7311771512031554]], "fy": 1250.0000504168488, "fx": 1250.0000504168488}, {"id": 7, "img_name": "r_7", "width": 800, "height": 800, "position": [-1.1732574701309202, 2.4932990074157706, 2.942265510559081], "rotation": [[-0.9048272371292112, -0.3107704520225524, 0.2910493910312652], [-0.42577940225601196, 0.6604208350181578, -0.6185114383697509], [4.05168284151744e-17, -0.6835687160491944, -0.729886293411255]], "fy": 1250.0000504168488, "fx": 1250.0000504168488}, {"id": 8, "img_name": "r_8", "width": 800, "height": 800, "position": [-1.3306550979614258, 2.420452356338502, 2.9361143112182613], "rotation": [[-0.8763067722320556, -0.3508903086185455, 0.3300949335098266], [-0.4817537665367126, 0.6382669806480407, -0.6004403829574585], [1.4901162993040087e-08, -0.6851943135261536, -0.7283603549003601]], "fy": 1250.0000504168488, "fx": 1250.0000504168488}, {"id": 9, "img_name": "r_9", "width": 800, "height": 800, "position": [-1.484044075012207, 2.3384790420532227, 2.929014921188355], "rotation": [[-0.8443281650543213, -0.3893313407897948, 0.3681460618972778], [-0.5358269810676575, 0.6134879589080809, -0.5801053047180176], [4.03343589894901e-17, -0.6870616078376771, -0.7265992164611818]], "fy": 1250.0000504168488, "fx": 1250.0000504168488}, {"id": 10, "img_name": "r_10", "width": 800, "height": 800, "position": [-1.6329382658004763, 2.247546434402466, 2.9209671020507812], "rotation": [[-0.8090170621871948, -0.4259108901023864, 0.40508219599723805], [-0.5877854228019715, 0.5862159132957457, -0.5575476884841918], [1.4901162873973893e-08, -0.6891667246818541, -0.7246028184890748]], "fy": 1250.0000504168488, "fx": 1250.0000504168488}, {"id": 11, "img_name": "r_11", "width": 800, "height": 800, "position": [-1.7768508195877077, 2.14784336090088, 2.9119701385498056], "rotation": [[-0.7705134153366088, -0.4604565501213074, 0.4407824873924256], [-0.6374241113662719, 0.5565962791442873, -0.5328144431114198], [1.4901164654221688e-08, -0.6915059089660645, -0.7223709225654602]], "fy": 1250.0000504168488, "fx": 1250.0000504168488}, {"id": 12, "img_name": "r_12", "width": 800, "height": 800, "position": [-1.9152961969375613, 2.0395827293396005, 2.9020237922668466], "rotation": [[-0.7289686203002931, -0.492807924747467, 0.47512656450271606], [-0.6845473051071167, 0.5247870087623594, -0.5059582591056825], [-1.4901164900889855e-08, -0.6940741539001465, -0.7199035286903382]], "fy": 1250.0000504168488, "fx": 1250.0000504168488}, {"id": 13, "img_name": "r_13", "width": 800, "height": 800, "position": [-2.047789812088013, 1.9230021238327024, 2.8911278247833256], "rotation": [[-0.6845472455024718, -0.522816777229309, 0.5079941749572755], [-0.7289689183235168, 0.4909575283527374, -0.47703817486763], [7.96252594147466e-17, -0.696866810321808, -0.7172005772590637]], "fy": 1250.0000504168488, "fx": 1250.0000504168488}, {"id": 14, "img_name": "r_14", "width": 800, "height": 800, "position": [-2.17384934425354, 1.7983639240264895, 2.879282236099243], "rotation": [[-0.6374239921569822, -0.5503484606742857, 0.5392656922340394], [-0.7705135345458985, 0.4552876949310301, -0.44611924886703497], [7.929901938115568e-17, -0.6998784542083741, -0.714262068271637]], "fy": 1250.0000504168488, "fx": 1250.0000504168488}, {"id": 15, "img_name": "r_15", "width": 800, "height": 800, "position": [-2.2929964065551753, 1.665958523750305, 2.8664875030517583], "rotation": [[-0.5877851247787474, -0.5752824544906616, 0.5688224434852598], [-0.8090173006057739, 0.4179669618606566, -0.41327351331710815], [-0.0, -0.7031030654907227, -0.7110880613327025]], "fy": 1250.0000504168488, "fx": 1250.0000504168488}, {"id": 16, "img_name": "r_16", "width": 800, "height": 800, "position": [-2.4047570228576656, 1.5261046886444092, 2.852743864059448], "rotation": [[-0.5358267426490784, -0.5975128412246704, 0.5965468287467955], [-0.8443281650543214, 0.3791930973529817, -0.3785800337791443], [-2.9802329545734474e-08, -0.7065344452857969, -0.7076786756515503]], "fy": 1250.0000504168488, "fx": 1250.0000504168488}, {"id": 17, "img_name": "r_17", "width": 800, "height": 800, "position": [-2.5086653232574463, 1.379149794578552, 2.8380527496337895], "rotation": [[-0.4817535877227782, -0.6169499754905701, 0.6223233342170714], [-0.8763070106506348, 0.33917093276977545, -0.3421249687671661], [1.490116477905093e-08, -0.7101660370826721, -0.7040342688560487]], "fy": 1250.0000504168488, "fx": 1250.0000504168488}, {"id": 18, "img_name": "r_18", "width": 800, "height": 800, "position": [-2.604263305664062, 1.2254726886749268, 2.8224155902862553], "rotation": [[-0.42577910423278814, -0.6335194706916809, 0.6460382938385009], [-0.9048272371292114, 0.29811143875122076, -0.3040023744106293], [1.49011612074345e-08, -0.7139908075332642, -0.7001551985740663]], "fy": 1250.0000504168488, "fx": 1250.0000504168488}, {"id": 19, "img_name": "r_19", "width": 800, "height": 800, "position": [-2.691104412078857, 1.0654827356338503, 2.805833816528321], "rotation": [[-0.36812433600425715, -0.6471633315086365, 0.6675809025764465], [-0.9297767877578736, 0.2562298774719238, -0.2643137574195862], [3.705819311359513e-17, -0.7180014252662659, -0.6960417628288267]], "fy": 1250.0000504168488, "fx": 1250.0000504168488}, {"id": 20, "img_name": "r_20", "width": 800, "height": 800, "position": [-2.7687544822692876, 0.899622082710266, 2.7883110046386714], "rotation": [[-0.30901679396629333, -0.6578409075737001, 0.686843514442444], [-0.9510567784309386, 0.21374528110027313, -0.22316880524158475], [3.8127479107759015e-17, -0.7221899032592773, -0.6916948556900026]], "fy": 1250.0000504168488, "fx": 1250.0000504168488}, {"id": 21, "img_name": "r_21", "width": 800, "height": 800, "position": [-2.8367969989776625, 0.7283647656440736, 2.7698497772216792], "rotation": [[-0.2486896514892578, -0.6655283570289611, 0.7037227749824524], [-0.968583345413208, 0.17087842524051666, -0.18068507313728338], [1.953223375623509e-17, -0.7265486121177672, -0.68711519241333]], "fy": 1250.0000504168488, "fx": 1250.0000504168488}, {"id": 22, "img_name": "r_22", "width": 800, "height": 800, "position": [-2.894832611083984, 0.5522178411483764, 2.7504544258117676], "rotation": [[-0.1873810142278671, -0.6702184677124023, 0.7181196212768555], [-0.9822874069213866, 0.1278507709503174, -0.1369884014129639], [7.450581485884256e-09, -0.731068730354309, -0.6823038458824158]], "fy": 1250.0000504168488, "fx": 1250.0000504168488}, {"id": 23, "img_name": "r_23", "width": 800, "height": 800, "position": [-2.942484378814697, 0.3717211782932281, 2.7301297187805176], "rotation": [[-0.1253329217433929, -0.67192143201828, 0.7299405932426453], [-0.9921149611473081, 0.08488318324089049, -0.09221268445253371], [-3.725291177461163e-09, -0.7357420921325684, -0.6772618889808656]], "fy": 1250.0000504168488, "fx": 1250.0000504168488}, {"id": 24, "img_name": "r_24", "width": 800, "height": 800, "position": [-2.979399681091309, 0.18744681775569907, 2.7088818550109868], "rotation": [[-0.06279016286134718, -0.6706649065017699, 0.739098131656647], [-0.998026967048645, 0.04219441115856169, -0.046499837189912796], [-1.8626455901350037e-09, -0.7405593991279601, -0.6719909310340881]], "fy": 1250.0000504168488, "fx": 1250.0000504168488}, {"id": 25, "img_name": "r_25", "width": 800, "height": 800, "position": [-3.005254030227661, -1.2061262850693306e-06, 2.6867170333862305], "rotation": [[4.0133926404450893e-07, -0.666492521762848, 0.7455118298530578], [-1.0000001192092893, -2.6748958248390403e-07, 2.992031227222468e-07], [-0.0, -0.7455118298530579, -0.666492521762848]], "fy": 1250.0000504168488, "fx": 1250.0000504168488}, {"id": 26, "img_name": "r_26", "width": 800, "height": 800, "position": [-3.019752979278565, -0.18998804688453683, 2.663643598556518], "rotation": [[0.06279096007347107, -0.6594647169113158, 0.7491085529327394], [-0.9980269074440004, -0.04149028658866883, 0.04713024199008943], [-0.0, -0.7505896687507628, -0.660768687725067]], "fy": 1250.0000504168488, "fx": 1250.0000504168488}, {"id": 27, "img_name": "r_27", "width": 800, "height": 800, "position": [-3.022636651992797, -0.3818492293357849, 2.639669895172119], "rotation": [[0.12533371150493625, -0.6496581435203552, 0.7498239278793333], [-0.992114782333374, -0.08207121491432187, 0.0947251468896866], [-0.0, -0.7557836771011353, -0.6548215746879578]], "fy": 1250.0000504168488, "fx": 1250.0000504168488}, {"id": 28, "img_name": "r_28", "width": 800, "height": 800, "position": [-3.0136830806732178, -0.5748922824859621, 2.614806652069091], "rotation": [[0.1873817890882492, -0.6371641755104064, 0.7476028203964236], [-0.9822872877120972, -0.1215458735823631, 0.1426132321357727], [-0.0, -0.7610836625099181, -0.648653745651245]], "fy": 1250.0000504168488, "fx": 1250.0000504168488}, {"id": 29, "img_name": "r_29", "width": 800, "height": 800, "position": [-2.992709159851075, -0.7683987617492676, 2.589064359664917], "rotation": [[0.2486904263496398, -0.6220898032188414, 0.74239981174469], [-0.9685832262039182, -0.15972584486007688, 0.19061629474163058], [-7.450582394448324e-09, -0.766480267047882, -0.642267882823944]], "fy": 1250.0000504168488, "fx": 1250.0000504168488}, {"id": 30, "img_name": "r_30", "width": 800, "height": 800, "position": [-2.95957636833191, -0.961626350879669, 2.562456369400025], "rotation": [[0.30901753902435297, -0.604555308818817, 0.7341805696487428], [-0.951056480407715, -0.19643229246139532, 0.2385501712560653], [-0.0, -0.7719632387161255, -0.6356672644615174]], "fy": 1250.0000504168488, "fx": 1250.0000504168488}, {"id": 31, "img_name": "r_31", "width": 800, "height": 800, "position": [-2.914191722869873, -1.1538120508193965, 2.5349960327148438], "rotation": [[0.3681251108646393, -0.5846946239471436, 0.7229220271110536], [-0.9297764301300049, -0.23149737715721128, 0.28622555732727045], [1.4901162990353107e-08, -0.7775225043296814, -0.6288551688194275]], "fy": 1250.0000504168488, "fx": 1250.0000504168488}, {"id": 32, "img_name": "r_32", "width": 800, "height": 800, "position": [-2.856511116027833, -1.3441742658615108, 2.5066988468170166], "rotation": [[0.425779938697815, -0.562653422355652, 0.7086132168769835], [-0.9048269987106324, -0.2647650241851807, 0.33344861865043646], [-1.4901164748523338e-08, -0.7831478714942933, -0.6218355298042297]], "fy": 1250.0000504168488, "fx": 1250.0000504168488}, {"id": 33, "img_name": "r_33", "width": 800, "height": 800, "position": [-2.7865428924560542, -1.5319170951843257, 2.4775812625885014], "rotation": [[0.48175424337387085, -0.5385888218879701, 0.6912562847137451], [-0.8763065934181213, -0.29609209299087524, 0.3800218999385833], [-1.490116295889038e-08, -0.7888295054435731, -0.6146123409271241]], "fy": 1250.0000504168488, "fx": 1250.0000504168488}, {"id": 34, "img_name": "r_34", "width": 800, "height": 800, "position": [-2.7043471336364746, -1.7162333726882932, 2.447661876678467], "rotation": [[0.5358274579048156, -0.5126675367355347, 0.6708660125732421], [-0.8443278074264527, -0.32534915208816534, 0.4257451593875884], [-1.4901164752788976e-08, -0.7945566177368164, -0.6071902513504028]], "fy": 1250.0000504168488, "fx": 1250.0000504168488}, {"id": 35, "img_name": "r_35", "width": 800, "height": 800, "position": [-2.6100413799285898, -1.8963086605072026, 2.4169602394104], "rotation": [[0.5877858996391295, -0.48506537079811085, 0.6474716067314148], [-0.8090168237686157, -0.35242113471031183, 0.47041633725166326], [1.490116473794744e-08, -0.8003192543983458, -0.5995740890502929]], "fy": 1250.0000504168488, "fx": 1250.0000504168488}, {"id": 36, "img_name": "r_36", "width": 800, "height": 800, "position": [-2.5037992000579834, -2.0713260173797603, 2.3854973316192623], "rotation": [[0.6374247074127197, -0.45596560835838307, 0.6211161017417907], [-0.7705129384994507, -0.37720817327499384, 0.5138327479362488], [-0.0, -0.8061075210571287, -0.5917690396308898]], "fy": 1250.0000504168488, "fx": 1250.0000504168488}, {"id": 37, "img_name": "r_37", "width": 800, "height": 800, "position": [-2.3858535289764413, -2.240468740463257, 2.353296041488647], "rotation": [[0.6845476627349855, -0.42555782198905945, 0.5918574929237366], [-0.7289682626724242, -0.39962589740753174, 0.5557919144630432], [-1.4901164855795078e-08, -0.8119113445281984, -0.5837809443473815]], "fy": 1250.0000504168488, "fx": 1250.0000504168488}, {"id": 38, "img_name": "r_38", "width": 800, "height": 800, "position": [-2.256495714187622, -2.40292739868164, 2.320380687713622], "rotation": [[0.7289692163467407, -0.39403572678565973, 0.5597677230834961], [-0.6845465898513794, -0.41960608959197987, 0.5960929989814758], [1.4901164750047938e-08, -0.8177204728126527, -0.5756156444549559]], "fy": 1250.0000504168488, "fx": 1250.0000504168488}, {"id": 39, "img_name": "r_39", "width": 800, "height": 800, "position": [-2.116077899932861, -2.5579028129577632, 2.286776781082153], "rotation": [[0.7705138325691224, -0.3615972697734832, 0.5249343514442442], [-0.6374234557151794, -0.4370967447757722, 0.6345376372337344], [4.571484461934742e-17, -0.8235254287719727, -0.567279577255249]], "fy": 1250.0000504168488, "fx": 1250.0000504168488}, {"id": 40, "img_name": "r_40", "width": 800, "height": 800, "position": [-1.9650115966796875, -2.704610824584961, 2.2525119781494145], "rotation": [[0.809017539024353, -0.32844200730323797, 0.48745942115783697], [-0.5877847075462342, -0.45206239819526683, 0.6709313988685608], [-4.603631016644268e-17, -0.8293164372444153, -0.5587794780731201]], "fy": 1250.0000504168488, "fx": 1250.0000504168488}, {"id": 41, "img_name": "r_41", "width": 800, "height": 800, "position": [-1.8037680387496946, -2.842288732528685, 2.2176146507263184], "rotation": [[0.844328463077545, -0.29477009177207947, 0.4474598467350007], [-0.5358262062072754, -0.4644841551780701, 0.7050850987434388], [-4.635647869433745e-17, -0.835084080696106, -0.5501225590705872]], "fy": 1250.0000504168488, "fx": 1250.0000504168488}, {"id": 42, "img_name": "r_42", "width": 800, "height": 800, "position": [-1.6328773498535156, -2.9701988697051998, 2.182116031646728], "rotation": [[0.8763073086738589, -0.26078075170516973, 0.40506705641746527], [-0.48175305128097534, -0.474359393119812, 0.7368156909942628], [-0.0, -0.8408190011978149, -0.5413163900375366]], "fy": 1250.0000504168488, "fx": 1250.0000504168488}, {"id": 43, "img_name": "r_43", "width": 800, "height": 800, "position": [-1.4529269933700566, -3.0876340866088863, 2.1460473537445073], "rotation": [[0.9048276543617247, -0.2266711741685867, 0.3604268431663514], [-0.42577856779098505, -0.481701910495758, 0.7659478783607483], [1.490116477170069e-08, -0.8465124368667603, -0.5323688983917235]], "fy": 1250.0000504168488, "fx": 1250.0000504168488}, {"id": 44, "img_name": "r_44", "width": 800, "height": 800, "position": [-1.264560103416443, -3.1939225196838383, 2.109442234039307], "rotation": [[0.9297770261764524, -0.192634791135788, 0.31369876861572266], [-0.3681237697601318, -0.4865412712097169, 0.7923147678375244], [1.4901164739732337e-08, -0.8521557450294496, -0.5232882499694824]], "fy": 1250.0000504168488, "fx": 1250.0000504168488}, {"id": 45, "img_name": "r_45", "width": 800, "height": 800, "position": [-1.0684733390808108, -3.2884328365325937, 2.072335720062256], "rotation": [[0.9510569572448733, -0.1588600128889084, 0.26505562663078314], [-0.3090161681175232, -0.48892238736152643, 0.8157598972320557], [-0.0, -0.8577404618263244, -0.5140832662582397]], "fy": 1250.0000504168488, "fx": 1250.0000504168488}, {"id": 46, "img_name": "r_46", "width": 800, "height": 800, "position": [-0.8654139637947084, -3.3705780506134033, 2.0347635746002197], "rotation": [[0.9685835242271422, -0.125528946518898, 0.21468280255794528], [-0.24868899583816526, -0.48890489339828497, 0.836137592792511], [-0.0, -0.8632583618164064, -0.5047627687454224]], "fy": 1250.0000504168488, "fx": 1250.0000504168488}, {"id": 47, "img_name": "r_47", "width": 800, "height": 800, "position": [-0.6561774611473082, -3.439820766448974, 1.9967634677886963], "rotation": [[0.9822875261306762, -0.09281624853610991, 0.1627776026725769], [-0.18738037347793576, -0.4865623712539672, 0.8533146381378173], [-1.2055653674967337e-17, -0.8687013983726504, -0.49533611536025995]], "fy": 1250.0000504168488, "fx": 1250.0000504168488}, {"id": 48, "img_name": "r_48", "width": 800, "height": 800, "position": [-0.44160315394401556, -3.4956769943237305, 1.9583741426467893], "rotation": [[0.9921149611473081, -0.06088800728321075, 0.10954827070236206], [-0.1253322511911392, -0.4819820821285248, 0.8671708703041077], [-1.2130059398247093e-17, -0.8740628957748414, -0.4858128726482391]], "fy": 1250.0000504168488, "fx": 1250.0000504168488}, {"id": 49, "img_name": "r_49", "width": 800, "height": 800, "position": [-0.22257083654403687, -3.5377197265624996, 1.919635772705078], "rotation": [[0.9980269670486449, -0.029900548979640007, 0.05521303415298462], [-0.06278951466083527, -0.47526335716247564, 0.8776003718376159], [-3.050807328422924e-18, -0.8793353438377381, -0.4762030839920044]], "fy": 1250.0000504168488, "fx": 1250.0000504168488}, {"id": 50, "img_name": "r_50", "width": 800, "height": 800, "position": [3.7121180866961367e-06, -3.5655829906463623, 1.8805897235870366], "rotation": [[1.0000001192092896, 4.856894406657375e-07, -9.208632718582521e-07], [1.0410972208774183e-06, -0.46651691198348993, 0.8845123648643493], [2.842171615164792e-14, -0.8845123648643495, -0.46651694178581243]], "fy": 1250.0000504168488, "fx": 1250.0000504168488}, {"id": 51, "img_name": "r_51", "width": 800, "height": 800, "position": [0.22517324984073642, -3.578965425491333, 1.8412775993347168], "rotation": [[0.9980267882347108, 0.028680982068181034, -0.05585861578583718], [0.06279159337282181, -0.45586341619491577, 0.8878321647644043], [-0.0, -0.8895875811576843, -0.456764817237854]], "fy": 1250.0000504168488, "fx": 1250.0000504168488}, {"id": 52, "img_name": "r_52", "width": 800, "height": 800, "position": [0.45196399092674255, -3.577631950378418, 1.8017430305480957], "rotation": [[0.9921147227287296, 0.05601911619305611, -0.1121184825897217], [0.12533433735370636, -0.4434330761432648, 0.8875013589859009], [-3.725290734806958e-09, -0.8945553898811339, -0.4469574987888335]], "fy": 1250.0000504168488, "fx": 1250.0000504168488}, {"id": 53, "img_name": "r_53", "width": 800, "height": 800, "position": [0.6793807744979857, -3.561417102813721, 1.762030005455017], "rotation": [[0.9822871685028074, 0.08190595358610149, -0.16853363811969757], [0.18738242983818051, -0.42936345934867853, 0.8834789395332338], [1.2481821262457716e-17, -0.8994100093841553, -0.4371058940887451]], "fy": 1250.0000504168488, "fx": 1250.0000504168488}, {"id": 54, "img_name": "r_54", "width": 800, "height": 800, "position": [0.9064124822616578, -3.530226707458497, 1.7221834659576412], "rotation": [[0.9685829877853395, 0.10624606162309648, -0.22485329210758215], [0.24869102239608765, -0.4137990772724152, 0.8757415413856505], [7.45058150254955e-09, -0.9041471481323241, -0.42722117900848383]], "fy": 1250.0000504168488, "fx": 1250.0000504168488}, {"id": 55, "img_name": "r_55", "width": 800, "height": 800, "position": [1.1320374011993406, -3.4840393066406246, 1.6822491884231565], "rotation": [[0.9510564804077148, 0.1289577931165695, -0.2808239459991454], [0.3090181648731231, -0.396889716386795, 0.8642838597297666], [-0.0, -0.9087621569633483, -0.41731470823287964]], "fy": 1250.0000504168488, "fx": 1250.0000504168488}, {"id": 56, "img_name": "r_56", "width": 800, "height": 800, "position": [1.355229377746582, -3.4229068756103516, 1.6422731876373293], "rotation": [[0.9297761917114258, 0.14997360110282898, -0.33619111776351934], [0.36812570691108704, -0.3787887692451476, 0.8491188287734986], [-0.0, -0.913250744342804, -0.4073979258537293]], "fy": 1250.0000504168488, "fx": 1250.0000504168488}, {"id": 57, "img_name": "r_57", "width": 800, "height": 800, "position": [1.5749630928039546, -3.346956491470337, 1.6023026704788206], "rotation": [[0.9048267006874084, 0.16924019157886505, -0.39070031046867365], [0.42578047513961786, -0.359652578830719, 0.8302778005599976], [2.5468788490111766e-17, -0.9176098108291626, -0.3974824249744415]], "fy": 1250.0000504168488, "fx": 1250.0000504168488}, {"id": 58, "img_name": "r_58", "width": 800, "height": 800, "position": [1.7902200222015383, -3.2563886642456064, 1.5623846054077153], "rotation": [[0.8763062953948975, 0.18671847879886627, -0.44409897923469543], [0.4817548096179962, -0.3396386802196503, 0.8078107237815856], [-2.558609593586159e-17, -0.9218362569808961, -0.3875799775123597]], "fy": 1250.0000504168488, "fx": 1250.0000504168488}, {"id": 59, "img_name": "r_59", "width": 800, "height": 800, "position": [1.9999942779541013, -3.1514778137207036, 1.522566556930542], "rotation": [[0.8443273901939392, 0.2023834884166717, -0.4961376190185547], [0.5358279943466185, -0.31890442967414867, 0.7817856073379517], [2.569964301854674e-17, -0.9259272217750549, -0.377702385187149]], "fy": 1250.0000504168488, "fx": 1250.0000504168488}, {"id": 60, "img_name": "r_60", "width": 800, "height": 800, "position": [2.2032985687255855, -3.0325720310211177, 1.4828966856002805], "rotation": [[0.8090164065361024, 0.21622391045093536, -0.5465711355209352], [0.5877863764762877, -0.29760587215423584, 0.7522886395454407], [5.161874697977115e-17, -0.929880678653717, -0.3678614199161529]], "fy": 1250.0000504168488, "fx": 1250.0000504168488}, {"id": 61, "img_name": "r_61", "width": 800, "height": 800, "position": [2.3991692066192627, -2.900089502334594, 1.4434226751327515], "rotation": [[0.770512580871582, 0.22824218869209287, -0.5951606631278991], [0.637425124645233, -0.275896668434143, 0.7194237112998962], [5.183048867297248e-17, -0.9336950778961183, -0.3580691218376159]], "fy": 1250.0000504168488, "fx": 1250.0000504168488}, {"id": 62, "img_name": "r_62", "width": 800, "height": 800, "position": [2.5866718292236333, -2.754518270492554, 1.4041924476623533], "rotation": [[0.7289678454399109, 0.2384536564350128, -0.6416744589805602], [0.6845481991767883, -0.2539266645908355, 0.6833119988441464], [-0.0, -0.9373692870140077, -0.3483373522758484]], "fy": 1250.0000504168488, "fx": 1250.0000504168488}, {"id": 63, "img_name": "r_63", "width": 800, "height": 800, "position": [2.764907598495483, -2.5964140892028813, 1.365254282951355], "rotation": [[0.6845462322235109, 0.24688589572906494, -0.6858891844749452], [0.7289696335792542, -0.2318406850099564, 0.6440911293029785], [-1.4901162966844786e-08, -0.9409024119377137, -0.3386779427528382]], "fy": 1250.0000504168488, "fx": 1250.0000504168488}, {"id": 64, "img_name": "r_64", "width": 800, "height": 800, "position": [2.9330163002014165, -2.426396369934082, 1.326655626296997], "rotation": [[0.6374230980873109, 0.2535783350467682, -0.727591872215271], [0.7705141305923463, -0.20977774262428286, 0.6019148826599121], [-1.4901162976293127e-08, -0.944294273853302, -0.3291027843952179]], "fy": 1250.0000504168488, "fx": 1250.0000504168488}, {"id": 65, "img_name": "r_65", "width": 800, "height": 800, "position": [3.090183973312377, -2.2451446056365962, 1.2884440422058105], "rotation": [[0.5877843499183654, 0.2585812211036682, -0.7665804028511048], [0.8090176582336426, -0.18786980211734775, 0.5569518804550171], [-2.1276881300985453e-17, -0.9475447535514832, -0.3196236491203308]], "fy": 1250.0000504168488, "fx": 1250.0000504168488}, {"id": 66, "img_name": "r_66", "width": 800, "height": 800, "position": [3.235644340515136, -2.053396701812745, 1.2506666183471682], "rotation": [[0.5358258485794067, 0.2619548738002777, -0.8026646971702575], [0.844328761100769, -0.1662411540746689, 0.509385108947754], [-0.0, -0.9506544470787048, -0.3102522194385529]], "fy": 1250.0000504168488, "fx": 1250.0000504168488}, {"id": 67, "img_name": "r_67", "width": 800, "height": 800, "position": [3.3686842918395996, -1.8519444465637203, 1.213370203971863], "rotation": [[0.48175266385078425, 0.26376861333847046, -0.8356678485870361], [0.876307487487793, -0.14500758051872253, 0.459410935640335], [1.4901164754721045e-08, -0.9536241888999938, -0.3010001182556153]], "fy": 1250.0000504168488, "fx": 1250.0000504168488}, {"id": 68, "img_name": "r_68", "width": 800, "height": 800, "position": [3.488648414611817, -1.64162802696228, 1.1766008138656614], "rotation": [[0.42577826976776123, 0.26409998536109924, -0.8654272556304934], [0.9048277139663696, -0.12427561730146405, 0.4072378575801849], [7.450582364712924e-09, -0.9564554095268248, -0.29187875986099243]], "fy": 1250.0000504168488, "fx": 1250.0000504168488}, {"id": 69, "img_name": "r_69", "width": 800, "height": 800, "position": [3.59494137763977, -1.4233325719833383, 1.140403747558594], "rotation": [[0.3681234121322633, 0.26303333044052124, -0.89179527759552], [0.9297771453857424, -0.10414186865091328, 0.3530853986740114], [2.475229707488704e-17, -0.9591497182846068, -0.28289937973022466]], "fy": 1250.0000504168488, "fx": 1250.0000504168488}, {"id": 70, "img_name": "r_70", "width": 800, "height": 800, "position": [3.687031030654907, -1.197983741760254, 1.1048241853713991], "rotation": [[0.30901578068733226, 0.2606591880321503, -0.914639949798584], [0.9510570764541628, -0.08469293266534807, 0.29718321561813354], [-0.0, -0.9617090225219728, -0.2740731835365296]], "fy": 1250.0000504168488, "fx": 1250.0000504168488}, {"id": 71, "img_name": "r_71", "width": 800, "height": 800, "position": [3.7644519805908208, -0.966541588306427, 1.0699057579040527], "rotation": [[0.24868862330913546, 0.25707271695137024, -0.9338456988334656], [0.9685836434364319, -0.06600469350814821, 0.23976948857307434], [-3.725290723714825e-09, -0.9641355276107788, -0.265410989522934]], "fy": 1250.0000504168488, "fx": 1250.0000504168488}, {"id": 72, "img_name": "r_72", "width": 800, "height": 800, "position": [3.8268063068389893, -0.7299969792366027, 1.035691976547241], "rotation": [[0.18738001585006717, 0.2523728311061859, -0.9493139386177064], [0.9822876453399659, -0.04814234375953673, 0.18108998239040372], [-3.725290747419885e-09, -0.9664318561553953, -0.25692358613014216]], "fy": 1250.0000504168488, "fx": 1250.0000504168488}, {"id": 73, "img_name": "r_73", "width": 800, "height": 800, "position": [3.873766660690307, -0.4893650412559509, 1.0022244453430176], "rotation": [[0.1253318786621094, 0.24666087329387668, -0.9609633684158325], [0.9921150803565979, -0.03116016462445259, 0.12139654159545897], [-0.0, -0.9686007499694824, -0.24862131476402283]], "fy": 1250.0000504168488, "fx": 1250.0000504168488}, {"id": 74, "img_name": "r_74", "width": 800, "height": 800, "position": [3.905076742172241, -0.24568103253841397, 0.969544768333435], "rotation": [[0.06278911232948303, 0.24003985524177548, -0.968730390071869], [0.998026967048645, -0.015101686120033266, 0.06094596907496453], [-9.313227991577836e-10, -0.9706454873085023, -0.24051448702812192]], "fy": 1250.0000504168488, "fx": 1250.0000504168488}, {"id": 75, "img_name": "r_75", "width": 800, "height": 800, "position": [3.920552492141723, 5.6551471061538905e-06, 0.9376928806304932], "rotation": [[-1.4424365417653462e-06, 0.2326129674911499, -0.972569465637207], [1.0000001192092896, 3.355293642925972e-07, -1.402869429512066e-06], [-2.842171622180032e-14, -0.9725692868232726, -0.2326129972934723]], "fy": 1250.0000504168488, "fx": 1250.0000504168488}, {"id": 76, "img_name": "r_76", "width": 800, "height": 800, "position": [3.9200830459594735, 0.24663649499416349, 0.9067077636718749], "rotation": [[-0.06279199570417406, 0.22448270022869105, -0.972452998161316], [0.9980268478393554, 0.01412358600646257, -0.06118299067020415], [9.313227973930054e-10, -0.9743758440017698, -0.224926546216011]], "fy": 1250.0000504168488, "fx": 1250.0000504168488}, {"id": 77, "img_name": "r_77", "width": 800, "height": 800, "position": [3.903630256652832, 0.49314910173416143, 0.8766271471977234], "rotation": [[-0.1253347396850586, 0.21574962139129636, -0.9683715701103212], [0.9921146631240846, 0.027255844324827194, -0.122335247695446], [1.8626455928367117e-09, -0.9760681986808778, -0.21746446192264557]], "fy": 1250.0000504168488, "fx": 1250.0000504168488}, {"id": 78, "img_name": "r_78", "width": 800, "height": 800, "position": [3.871228218078613, 0.7384824156761168, 0.8474875688552856], "rotation": [[-0.1873828321695328, 0.20651191473007202, -0.9603336453437804], [0.9822871088981628, 0.03939457982778549, -0.18319495022296906], [-6.663654747622124e-18, -0.9776508808135987, -0.21023581922054294]], "fy": 1250.0000504168488, "fx": 1250.0000504168488}, {"id": 79, "img_name": "r_79", "width": 800, "height": 800, "position": [3.8229837417602535, 0.9815817475318909, 0.8193241357803347], "rotation": [[-0.24869143962860107, 0.19686378538608554, -0.94836562871933], [0.9685829281806947, 0.05054635927081108, -0.2435004860162735], [3.725291178604323e-09, -0.9791269898414613, -0.2032493352890015]], "fy": 1250.0000504168488, "fx": 1250.0000504168488}, {"id": 80, "img_name": "r_80", "width": 800, "height": 800, "position": [3.759073972702026, 1.22140371799469, 0.7921710014343264], "rotation": [[-0.3090185523033142, 0.18689529597759247, -0.932511568069458], [0.951056182384491, 0.06072628870606423, -0.3029929995536804], [-6.47059938659034e-18, -0.9805011153221131, -0.19651345908641818]], "fy": 1250.0000504168488, "fx": 1250.0000504168488}, {"id": 81, "img_name": "r_81", "width": 800, "height": 800, "position": [3.6797461509704594, 1.4569213390350342, 0.7660605311393738], "rotation": [[-0.36812609434127813, 0.1766911149024963, -0.912832796573639], [0.9297760725021362, 0.06995728611946107, -0.3614177405834198], [-0.0, -0.9817771911621095, -0.19003625214099884]], "fy": 1250.0000504168488, "fx": 1250.0000504168488}, {"id": 82, "img_name": "r_82", "width": 800, "height": 800, "position": [3.585314750671387, 1.6871281862258913, 0.7410240173339843], "rotation": [[-0.425780862569809, 0.16633009910583496, -0.889407217502594], [0.9048265218734742, 0.0782693400979042, -0.4185250401496888], [7.450582375984589e-09, -0.9829588532447814, -0.1838254481554031]], "fy": 1250.0000504168488, "fx": 1250.0000504168488}, {"id": 83, "img_name": "r_83", "width": 800, "height": 800, "position": [3.4761607646942143, 1.9110430479049683, 0.7170910835266113], "rotation": [[-0.4817551970481871, 0.1558846831321717, -0.8623295426368713], [0.8763060569763182, 0.0856986567378044, -0.47407153248786926], [-7.450581477437117e-09, -0.9840507507324218, -0.17788843810558316]], "fy": 1250.0000504168488, "fx": 1250.0000504168488}, {"id": 84, "img_name": "r_84", "width": 800, "height": 800, "position": [3.3527290821075435, 2.127714633941651, 0.6942901611328126], "rotation": [[-0.5358282923698425, 0.14542032778263092, -0.8317098021507263], [0.8443270921707153, 0.0922868847846985, -0.5278210639953614], [-7.450581494350572e-09, -0.9850565195083618, -0.17223221063613892]], "fy": 1250.0000504168488, "fx": 1250.0000504168488}, {"id": 85, "img_name": "r_85", "width": 800, "height": 800, "position": [3.2155249118804927, 2.3362240791320805, 0.6726480722427368], "rotation": [[-0.5877867341041566, 0.1349952220916748, -0.7976737618446352], [0.8090161681175232, 0.09808012843132022, -0.5795459747314453], [-0.0, -0.9859800934791565, -0.1668634861707687]], "fy": 1250.0000504168488, "fx": 1250.0000504168488}, {"id": 86, "img_name": "r_86", "width": 800, "height": 800, "position": [3.0651133060455322, 2.5356910228729244, 0.6521900892257692], "rotation": [[-0.6374255418777465, 0.12465994805097586, -0.7603611350059509], [0.7705124020576476, 0.10312803834676741, -0.6290276050567627], [-7.45058326309613e-09, -0.986825406551361, -0.1617884635925293]], "fy": 1250.0000504168488, "fx": 1250.0000504168488}, {"id": 87, "img_name": "r_87", "width": 800, "height": 800, "position": [2.9021131992340083, 2.7252752780914307, 0.6329401135444641], "rotation": [[-0.6845484972000123, 0.11445747315883638, -0.7199257016181944], [0.7289674878120422, 0.1074831038713455, -0.6760576367378235], [-9.990977976995702e-18, -0.9875966310501098, -0.15701313316822052]], "fy": 1250.0000504168488, "fx": 1250.0000504168488}, {"id": 88, "img_name": "r_88", "width": 800, "height": 800, "position": [2.727197647094726, 2.904180765151978, 0.6149204969406129], "rotation": [[-0.7289699912071228, 0.10442268848419191, -0.6765345335006713], [0.6845459938049316, 0.11119924485683448, -0.7204385995864868], [-7.450582374822764e-09, -0.9882968664169312, -0.15254300832748416]], "fy": 1250.0000504168488, "fx": 1250.0000504168488}, {"id": 89, "img_name": "r_89", "width": 800, "height": 800, "position": [2.541087865829468, 3.0716586112976065, 0.5981520414352418], "rotation": [[-0.7705146074295044, 0.09458286315202714, -0.630366325378418], [0.6374228596687317, 0.11433144658803943, -0.7619847059249879], [7.450583263718658e-09, -0.9889300465583802, -0.1483832597732544]], "fy": 1250.0000504168488, "fx": 1250.0000504168488}, {"id": 90, "img_name": "r_90", "width": 800, "height": 800, "position": [2.3445510864257804, 3.227010011672973, 0.5826539993286133], "rotation": [[-0.8090180754661559, 0.08495749533176422, -0.5816116929054259], [0.5877838134765624, 0.11693440377712253, -0.8005228638648987], [-7.450580622431587e-09, -0.9894992113113404, -0.14453870058059695]], "fy": 1250.0000504168488, "fx": 1250.0000504168488}, {"id": 91, "img_name": "r_91", "width": 800, "height": 800, "position": [2.138397455215453, 3.3695886135101314, 0.5684441328048705], "rotation": [[-0.8443291187286377, 0.075558677315712, -0.5304711461067199], [0.5358253717422484, 0.11906189471483232, -0.835892140865326], [-0.0, -0.9900076985359192, -0.14101365208625793]], "fy": 1250.0000504168488, "fx": 1250.0000504168488}, {"id": 92, "img_name": "r_92", "width": 800, "height": 800, "position": [1.923474669456482, 3.498802900314331, 0.555538773536682], "rotation": [[-0.8763077259063723, 0.06639132648706438, -0.47715538740158087], [0.4817521274089813, 0.12076590210199359, -0.8679462671279906], [-3.725291179415858e-09, -0.9904584884643556, -0.13781222701072696]], "fy": 1250.0000504168488, "fx": 1250.0000504168488}, {"id": 93, "img_name": "r_93", "width": 800, "height": 800, "position": [1.700666427612305, 3.6141180992126465, 0.5439524650573729], "rotation": [[-0.9048280119895936, 0.05745357647538186, -0.42188346385955816], [0.42577764391899114, 0.12209566682577129, -0.8965524435043334], [-0.0, -0.9908540248870851, -0.13493801653385165]], "fy": 1250.0000504168488, "fx": 1250.0000504168488}, {"id": 94, "img_name": "r_94", "width": 800, "height": 800, "position": [1.4708871841430664, 3.7150580883026127, 0.5336983799934387], "rotation": [[-0.9297773241996766, 0.048737347126007094, -0.3648822307586671], [0.36812275648117065, 0.12309718877077104, -0.9215925931930543], [-0.0, -0.9911971688270568, -0.13239428400993347]], "fy": 1250.0000504168488, "fx": 1250.0000504168488}, {"id": 95, "img_name": "r_95", "width": 800, "height": 800, "position": [1.2350789308547974, 3.801207304000854, 0.5247880816459656], "rotation": [[-0.9510573148727418, 0.04022880271077156, -0.30638539791107183], [0.30901515483856207, 0.123812347650528, -0.9429636001586914], [6.879843547928598e-18, -0.9914899468421935, -0.1301839202642441]], "fy": 1250.0000504168488, "fx": 1250.0000504168488}, {"id": 96, "img_name": "r_96", "width": 800, "height": 800, "position": [0.9942068457603457, 3.872211694717408, 0.5172316431999208], "rotation": [[-0.9685838222503662, 0.031909000128507614, -0.2466323971748352], [0.24868802726268768, 0.12427837401628494, -0.9605776071548463], [3.72529120632826e-09, -0.9917341470718383, -0.12830939888954165]], "fy": 1250.0000504168488, "fx": 1250.0000504168488}, {"id": 97, "img_name": "r_97", "width": 800, "height": 800, "position": [0.7492559552192689, 3.927780151367188, 0.5110374689102172], "rotation": [[-0.9822879433631896, 0.02375460229814053, -0.18586753308773044], [0.18737939000129705, 0.12452735006809236, -0.9743624329566957], [3.4414549532296666e-18, -0.9919318556785583, -0.12677280604839325]], "fy": 1250.0000504168488, "fx": 1250.0000504168488}, {"id": 98, "img_name": "r_98", "width": 800, "height": 800, "position": [0.5012269616127015, 3.9676845073699947, 0.5062126517295836], "rotation": [[-0.9921150803565979, 0.01573858223855495, -0.12433911859989166], [0.125331237912178, 0.12458574026823041, -0.9842615127563475], [-0.0, -0.9920841455459594, -0.125575914978981]], "fy": 1250.0000504168488, "fx": 1250.0000504168488}, {"id": 99, "img_name": "r_99", "width": 800, "height": 800, "position": [0.25113210082054144, 3.991761684417724, 0.5027624368667603], "rotation": [[-0.9980270266532899, 0.007830977439880373, -0.062298219650983824], [0.06278847157955171, 0.1244739294052124, -0.9902344346046448], [4.656613431846008e-10, -0.9921920895576476, -0.12472003698348998]], "fy": 1250.0000504168488, "fx": 1250.0000504168488}, {"id": 100, "img_name": "r_100", "width": 800, "height": 800, "position": [-8.328596777573695e-06, 3.999913692474365, 0.5006908178329468], "rotation": [[-1.0000001192092896, -2.5862124175546336e-07, 2.0660706923081307e-06], [-2.082194441754837e-06, 0.12420612573623656, -0.9922565817832947], [-2.842171288284971e-14, -0.9922565817832947, -0.12420611828565598]], "fy": 1250.0000504168488, "fx": 1250.0000504168488}, {"id": 101, "img_name": "r_101", "width": 800, "height": 800, "position": [-0.2511704862117767, 3.9921064376831055, 0.5], "rotation": [[-0.9980267286300659, -0.007788466755300758, 0.06230773404240607], [-0.06279262900352478, 0.12378998100757599, -0.9903198480606079], [8.60663953170985e-19, -0.9922779798507689, -0.12403474748134612]], "fy": 12