[{"id": 0, "img_name": "r_0", "width": 800, "height": 800, "position": [-0.0, 2.7372601032257076, 2.9592916965484624], "rotation": [[-1.0, -0.0, -0.0], [0.0, 0.7341099977493286, -0.6790306568145752], [-0.0, -0.6790306568145752, -0.7341099381446838]], "fy": 1111.1110311937682, "fx": 1111.1110311937682}, {"id": 1, "img_name": "r_1", "width": 800, "height": 800, "position": [-0.1718739867210388, 2.731858730316162, 2.959291696548462], "rotation": [[-0.9980267286300659, -0.046095147728919976, 0.042636688798665986], [-0.06279052048921582, 0.7326614260673522, -0.6776907444000244], [-3.7252898494369853e-09, -0.6790306568145753, -0.7341099381446836]], "fy": 1111.1110311937682, "fx": 1111.1110311937682}, {"id": 2, "img_name": "r_2", "width": 800, "height": 800, "position": [-0.34313371777534485, 2.716182947158814, 2.958819150924682], "rotation": [[-0.9921147227287292, -0.09199368208646774, 0.0851209983229637], [-0.125333234667778, 0.7282049655914308, -0.673802077770233], [-1.0186194884914827e-17, -0.6791574358940125, -0.7339926958084106]], "fy": 1111.1110311937682, "fx": 1111.1110311937682}, {"id": 3, "img_name": "r_3", "width": 800, "height": 800, "position": [-0.5132942199707033, 2.690782308578491, 2.957400560379029], "rotation": [[-0.9822872281074524, -0.13747060298919678, 0.12733262777328488], [-0.18738132715225217, 0.7206460237503052, -0.6675009727478026], [1.4901158513460961e-08, -0.6795374155044556, -0.7336407899856568]], "fy": 1111.1110311937682, "fx": 1111.1110311937682}, {"id": 4, "img_name": "r_4", "width": 800, "height": 800, "position": [-0.6818711757659912, 2.6557128429412837, 2.9550364017486563], "rotation": [[-0.9685832262039183, -0.18230322003364563, 0.1691514402627945], [-0.24868993461132047, 0.710024058818817, -0.6588013172149657], [7.450580580537215e-09, -0.6801699995994567, -0.7330543994903564]], "fy": 1111.1110311937682, "fx": 1111.1110311937682}, {"id": 5, "img_name": "r_5", "width": 800, "height": 800, "position": [-0.8483804464340208, 2.6110463142395015, 2.9517261981964107], "rotation": [[-0.9510564804077148, -0.22627252340316767, 0.21045726537704465], [-0.30901700258255, 0.6963951587677003, -0.6477208137512207], [1.4901159456952214e-08, -0.6810540556907655, -0.7322331070899961]], "fy": 1111.1110311937682, "fx": 1111.1110311937682}, {"id": 6, "img_name": "r_6", "width": 800, "height": 800, "position": [-1.0123374462127686, 2.556872606277466, 2.947469234466553], "rotation": [[-0.9297765493392945, -0.2691642343997956, 0.2511300146579742], [-0.36812457442283625, 0.6798312664031984, -0.6342819929122923], [-0.0, -0.6821876764297485, -0.7311770915985105]], "fy": 1111.1110311937682, "fx": 1111.1110311937682}, {"id": 7, "img_name": "r_7", "width": 800, "height": 800, "position": [-1.1732574701309202, 2.4932990074157715, 2.9422655105590816], "rotation": [[-0.9048271179199219, -0.31077042222023005, 0.2910493612289429], [-0.42577934265136713, 0.6604207754135133, -0.6185113787651063], [-4.051682510645195e-17, -0.6835686564445496, -0.7298862338066102]], "fy": 1111.1110311937682, "fx": 1111.1110311937682}, {"id": 8, "img_name": "r_8", "width": 800, "height": 800, "position": [-1.3306550979614262, 2.4204523563385014, 2.9361143112182626], "rotation": [[-0.8763065934181213, -0.3508902788162231, 0.33009490370750433], [-0.48175367712974554, 0.6382669210433959, -0.6004403233528138], [1.4901160318061977e-08, -0.6851942539215088, -0.7283602952957153]], "fy": 1111.1110311937682, "fx": 1111.1110311937682}, {"id": 9, "img_name": "r_9", "width": 800, "height": 800, "position": [-1.4840440750122073, 2.338479042053223, 2.929014921188354], "rotation": [[-0.844327986240387, -0.38933131098747237, 0.36814603209495544], [-0.5358268618583679, 0.6134878993034363, -0.5801052451133728], [4.0334355680767645e-17, -0.6870615482330322, -0.7265991568565369]], "fy": 1111.1110311937682, "fx": 1111.1110311937682}, {"id": 10, "img_name": "r_10", "width": 800, "height": 800, "position": [-1.6329382658004763, 2.2475464344024663, 2.9209671020507817], "rotation": [[-0.8090169429779052, -0.42591086030006403, 0.40508213639259333], [-0.5877853631973265, 0.586215853691101, -0.557547628879547], [1.4901161165546161e-08, -0.6891666650772095, -0.7246027588844299]], "fy": 1111.1110311937682, "fx": 1111.1110311937682}, {"id": 11, "img_name": "r_11", "width": 800, "height": 800, "position": [-1.7768508195877077, 2.147843360900879, 2.9119701385498042], "rotation": [[-0.7705132961273196, -0.46045649051666254, 0.4407824277877807], [-0.6374240517616272, 0.5565962195396424, -0.5328143835067749], [1.490116302369267e-08, -0.6915058493614197, -0.7223708629608155]], "fy": 1111.1110311937682, "fx": 1111.1110311937682}, {"id": 12, "img_name": "r_12", "width": 800, "height": 800, "position": [-1.9152961969375606, 2.0395827293395987, 2.902023792266846], "rotation": [[-0.7289685010910032, -0.49280789494514454, 0.47512650489807123], [-0.6845471858978271, 0.5247869491577146, -0.5059581995010375], [-1.4901161349308222e-08, -0.6940740942955016, -0.7199034690856935]], "fy": 1111.1110311937682, "fx": 1111.1110311937682}, {"id": 13, "img_name": "r_13", "width": 800, "height": 800, "position": [-2.047789812088013, 1.923002123832703, 2.8911278247833243], "rotation": [[-0.6845470666885376, -0.5228167772293092, 0.5079941153526306], [-0.7289687395095825, 0.49095752835273754, -0.47703811526298534], [-1.592505055946034e-16, -0.6968668103218079, -0.717200517654419]], "fy": 1111.1110311937682, "fx": 1111.1110311937682}, {"id": 14, "img_name": "r_14", "width": 800, "height": 800, "position": [-2.173849344253541, 1.79836392402649, 2.8792822360992436], "rotation": [[-0.6374238729476929, -0.5503484010696412, 0.5392656326293945], [-0.7705133557319641, 0.4552876353263856, -0.44611918926239025], [-7.92990127637108e-17, -0.6998783946037292, -0.7142620086669923]], "fy": 1111.1110311937682, "fx": 1111.1110311937682}, {"id": 15, "img_name": "r_15", "width": 800, "height": 800, "position": [-2.2929964065551767, 1.665958523750306, 2.866487503051758], "rotation": [[-0.5877850651741025, -0.575282335281372, 0.5688223838806153], [-0.8090171813964846, 0.4179668724536896, -0.41327345371246355], [-0.0, -0.7031029462814332, -0.7110880017280579]], "fy": 1111.1110311937682, "fx": 1111.1110311937682}, {"id": 16, "img_name": "r_16", "width": 800, "height": 800, "position": [-2.4047570228576665, 1.526104688644409, 2.8527438640594474], "rotation": [[-0.5358266830444337, -0.5975127816200256, 0.5965467691421509], [-0.8443280458450318, 0.37919306755065924, -0.3785799741744995], [-2.980232594572618e-08, -0.7065343856811523, -0.7076786160469055]], "fy": 1111.1110311937682, "fx": 1111.1110311937682}, {"id": 17, "img_name": "r_17", "width": 800, "height": 800, "position": [-2.5086653232574467, 1.3791497945785522, 2.838052749633789], "rotation": [[-0.4817534685134889, -0.6169499158859253, 0.622323274612427], [-0.8763067722320556, 0.339170902967453, -0.3421249389648437], [1.4901161201492592e-08, -0.7101659774780273, -0.7040342092514036]], "fy": 1111.1110311937682, "fx": 1111.1110311937682}, {"id": 18, "img_name": "r_18", "width": 800, "height": 800, "position": [-2.6042633056640625, 1.2254726886749265, 2.822415590286255], "rotation": [[-0.42577904462814326, -0.6335194110870362, 0.6460382342338562], [-0.9048271179199218, 0.2981114089488983, -0.3040023446083069], [1.4901159398901885e-08, -0.7139907479286193, -0.7001551389694215]], "fy": 1111.1110311937682, "fx": 1111.1110311937682}, {"id": 19, "img_name": "r_19", "width": 800, "height": 800, "position": [-2.691104412078857, 1.06548273563385, 2.8058338165283203], "rotation": [[-0.36812427639961237, -0.6471632719039917, 0.6675808429718018], [-0.9297766089439392, 0.2562298476696014, -0.2643137276172638], [3.7058182910220076e-17, -0.718001365661621, -0.6960417032241821]], "fy": 1111.1110311937682, "fx": 1111.1110311937682}, {"id": 20, "img_name": "r_20", "width": 800, "height": 800, "position": [-2.7687544822692867, 0.899622082710266, 2.788311004638672], "rotation": [[-0.3090167343616485, -0.6578408479690551, 0.686843454837799], [-0.9510565996170043, 0.21374526619911188, -0.22316877543926236], [-0.0, -0.7221898436546326, -0.6916947960853578]], "fy": 1111.1110311937682, "fx": 1111.1110311937682}, {"id": 21, "img_name": "r_21", "width": 800, "height": 800, "position": [-2.836796998977661, 0.7283647656440735, 2.76984977722168], "rotation": [[-0.24868962168693545, -0.6655282974243164, 0.7037227153778076], [-0.9685832262039183, 0.17087841033935544, -0.18068505823612213], [-0.0, -0.7265485525131227, -0.6871151328086853]], "fy": 1111.1110311937682, "fx": 1111.1110311937682}, {"id": 22, "img_name": "r_22", "width": 800, "height": 800, "position": [-2.894832611083985, 0.5522178411483765, 2.7504544258117676], "rotation": [[-0.1873809993267059, -0.6702184677124023, 0.7181195616722106], [-0.9822872877120972, 0.12785077095031736, -0.1369883865118027], [7.45058060162193e-09, -0.731068730354309, -0.682303786277771]], "fy": 1111.1110311937682, "fx": 1111.1110311937682}, {"id": 23, "img_name": "r_23", "width": 800, "height": 800, "position": [-2.9424843788146973, 0.37172117829322826, 2.7301297187805176], "rotation": [[-0.12533290684223175, -0.6719213724136351, 0.7299404740333558], [-0.992114841938019, 0.08488317579030992, -0.09221266955137254], [-3.725290742074308e-09, -0.7357420325279236, -0.6772617697715759]], "fy": 1111.1110311937682, "fx": 1111.1110311937682}, {"id": 24, "img_name": "r_24", "width": 800, "height": 800, "position": [-2.9793996810913086, 0.18744681775569913, 2.708881855010987], "rotation": [[-0.06279014796018602, -0.6706649065017701, 0.7390980720520017], [-0.9980267882347109, 0.042194411158561713, -0.0464998334646225], [-1.8626451435820517e-09, -0.7405593991279603, -0.6719908714294436]], "fy": 1111.1110311937682, "fx": 1111.1110311937682}, {"id": 25, "img_name": "r_25", "width": 800, "height": 800, "position": [-3.0052540302276616, -1.206126285069331e-06, 2.6867170333862305], "rotation": [[4.013392072010901e-07, -0.666492462158203, 0.7455117702484133], [-1.0, -2.674895540621946e-07, 2.9920309430053743e-07], [-0.0, -0.7455117702484132, -0.6664924621582031]], "fy": 1111.1110311937682, "fx": 1111.1110311937682}, {"id": 26, "img_name": "r_26", "width": 800, "height": 800, "position": [-3.0197529792785645, -0.18998804688453674, 2.6636435985565186], "rotation": [[0.06279095262289047, -0.6594647169113158, 0.7491084933280945], [-0.9980267882347108, -0.041490286588668816, 0.04713023453950882], [-0.0, -0.7505896687507629, -0.6607686281204224]], "fy": 1111.1110311937682, "fx": 1111.1110311937682}, {"id": 27, "img_name": "r_27", "width": 800, "height": 800, "position": [-3.022636651992799, -0.38184922933578486, 2.6396698951721187], "rotation": [[0.12533369660377502, -0.6496580839157103, 0.749823808670044], [-0.9921146631240845, -0.08207120746374127, 0.09472512453794478], [-0.0, -0.7557835578918456, -0.6548214554786681]], "fy": 1111.1110311937682, "fx": 1111.1110311937682}, {"id": 28, "img_name": "r_28", "width": 800, "height": 800, "position": [-3.0136830806732178, -0.5748922824859618, 2.6148066520690914], "rotation": [[0.18738175928592682, -0.6371641755104065, 0.7476027607917787], [-0.9822871088981628, -0.12154587358236313, 0.1426132172346115], [1.0375071225428199e-17, -0.7610836625099182, -0.6486536860466002]], "fy": 1111.1110311937682, "fx": 1111.1110311937682}, {"id": 29, "img_name": "r_29", "width": 800, "height": 800, "position": [-2.992709159851075, -0.7683987617492674, 2.589064359664917], "rotation": [[0.24869039654731745, -0.6220898032188417, 0.742399752140045], [-0.9685831069946288, -0.1597258448600769, 0.1906162649393081], [-7.450581477460907e-09, -0.7664802670478822, -0.6422678232192993]], "fy": 1111.1110311937682, "fx": 1111.1110311937682}, {"id": 30, "img_name": "r_30", "width": 800, "height": 800, "position": [-2.959576368331909, -0.9616263508796693, 2.5624563694000244], "rotation": [[0.30901750922203064, -0.6045553088188171, 0.7341805100440979], [-0.9510563611984253, -0.19643229246139532, 0.23855014145374304], [-0.0, -0.7719632387161255, -0.6356672048568726]], "fy": 1111.1110311937682, "fx": 1111.1110311937682}, {"id": 31, "img_name": "r_31", "width": 800, "height": 800, "position": [-2.914191722869874, -1.1538120508193968, 2.5349960327148433], "rotation": [[0.36812508106231695, -0.5846945643424987, 0.7229219675064088], [-0.9297763109207156, -0.23149736225605008, 0.2862255275249481], [1.4901161201616126e-08, -0.7775224447250366, -0.6288551092147826]], "fy": 1111.1110311937682, "fx": 1111.1110311937682}, {"id": 32, "img_name": "r_32", "width": 800, "height": 800, "position": [-2.8565111160278325, -1.3441742658615108, 2.5066988468170175], "rotation": [[0.4257798790931701, -0.5626533627510072, 0.7086131572723388], [-0.9048268795013427, -0.2647649943828582, 0.333448588848114], [-1.4901162988630662e-08, -0.7831478118896485, -0.6218354701995851]], "fy": 1111.1110311937682, "fx": 1111.1110311937682}, {"id": 33, "img_name": "r_33", "width": 800, "height": 800, "position": [-2.7865428924560547, -1.531917095184326, 2.4775812625885005], "rotation": [[0.48175418376922596, -0.5385887622833252, 0.6912562251091003], [-0.8763064742088317, -0.29609206318855286, 0.38002184033393865], [-1.4901161250858562e-08, -0.7888293862342833, -0.6146122813224792]], "fy": 1111.1110311937682, "fx": 1111.1110311937682}, {"id": 34, "img_name": "r_34", "width": 800, "height": 800, "position": [-2.704347133636475, -1.7162333726882937, 2.447661876678466], "rotation": [[0.5358273983001709, -0.5126674771308898, 0.6708659529685973], [-0.844327688217163, -0.32534912228584284, 0.42574509978294367], [-1.4901162982856925e-08, -0.7945564985275269, -0.607190191745758]], "fy": 1111.1110311937682, "fx": 1111.1110311937682}, {"id": 35, "img_name": "r_35", "width": 800, "height": 800, "position": [-2.6100413799285898, -1.8963086605072017, 2.4169602394104004], "rotation": [[0.5877857804298401, -0.48506534099578863, 0.64747154712677], [-0.8090166449546815, -0.35242110490798956, 0.4704162776470184], [1.4901161197224485e-08, -0.8003191947937013, -0.5995740294456483]], "fy": 1111.1110311937682, "fx": 1111.1110311937682}, {"id": 36, "img_name": "r_36", "width": 800, "height": 800, "position": [-2.503799200057984, -2.0713260173797607, 2.3854973316192627], "rotation": [[0.6374246478080748, -0.4559656083583829, 0.621116101741791], [-0.7705128192901612, -0.37720817327499395, 0.5138327479362489], [8.949591302011325e-17, -0.8061075210571287, -0.5917690396308898]], "fy": 1111.1110311937682, "fx": 1111.1110311937682}, {"id": 37, "img_name": "r_37", "width": 800, "height": 800, "position": [-2.385853528976439, -2.240468740463257, 2.353296041488647], "rotation": [[0.6845476031303406, -0.4255577623844144, 0.5918574333190917], [-0.7289682030677797, -0.39962583780288696, 0.5557918548583984], [-1.4901162938344844e-08, -0.8119112253189086, -0.5837808847427368]], "fy": 1111.1110311937682, "fx": 1111.1110311937682}, {"id": 38, "img_name": "r_38", "width": 800, "height": 800, "position": [-2.2564957141876225, -2.4029273986816415, 2.3203806877136226], "rotation": [[0.728969156742096, -0.3940356373786925, 0.5597676634788513], [-0.6845465302467346, -0.41960600018501276, 0.5960929393768312], [1.490116303490382e-08, -0.8177202939987182, -0.5756155848503112]], "fy": 1111.1110311937682, "fx": 1111.1110311937682}, {"id": 39, "img_name": "r_39", "width": 800, "height": 800, "position": [-2.1160778999328613, -2.557902812957763, 2.2867767810821538], "rotation": [[0.7705137133598328, -0.3615972399711609, 0.5249342918395996], [-0.6374233961105348, -0.4370966851711274, 0.6345375776290894], [-0.0, -0.8235253095626831, -0.5672795176506044]], "fy": 1111.1110311937682, "fx": 1111.1110311937682}, {"id": 40, "img_name": "r_40", "width": 800, "height": 800, "position": [-1.9650115966796877, -2.7046108245849605, 2.252511978149414], "rotation": [[0.8090174198150634, -0.3284419476985932, 0.4874593615531921], [-0.5877846479415895, -0.45206230878829967, 0.670931339263916], [4.603630024027533e-17, -0.829316258430481, -0.5587794184684753]], "fy": 1111.1110311937682, "fx": 1111.1110311937682}, {"id": 41, "img_name": "r_41", "width": 800, "height": 800, "position": [-1.803768038749695, -2.842288732528686, 2.2176146507263175], "rotation": [[0.8443282246589663, -0.294770061969757, 0.4474597871303559], [-0.5358260869979858, -0.46448409557342524, 0.705085039138794], [-4.635647207689255e-17, -0.8350839614868164, -0.5501224994659423]], "fy": 1111.1110311937682, "fx": 1111.1110311937682}, {"id": 42, "img_name": "r_42", "width": 800, "height": 800, "position": [-1.6328773498535154, -2.9701988697051993, 2.182116031646729], "rotation": [[0.8763071298599243, -0.2607807517051697, 0.4050669968128205], [-0.4817529618740082, -0.47435939311981196, 0.7368156313896178], [-0.0, -0.8408190011978149, -0.541316330432892]], "fy": 1111.1110311937682, "fx": 1111.1110311937682}, {"id": 43, "img_name": "r_43", "width": 800, "height": 800, "position": [-1.4529269933700555, -3.087634086608886, 2.146047353744507], "rotation": [[0.9048274755477903, -0.2266711741685867, 0.3604268133640289], [-0.4257784783840179, -0.481701910495758, 0.7659477591514587], [1.4901161200393818e-08, -0.8465124368667603, -0.5323688387870789]], "fy": 1111.1110311937682, "fx": 1111.1110311937682}, {"id": 44, "img_name": "r_44", "width": 800, "height": 800, "position": [-1.2645601034164433, -3.193922519683839, 2.109442234039307], "rotation": [[0.9297768473625183, -0.19263479113578802, 0.3136987388134003], [-0.3681237101554871, -0.48654127120971685, 0.7923146486282351], [1.4901161191921351e-08, -0.8521557450294495, -0.5232881903648376]], "fy": 1111.1110311937682, "fx": 1111.1110311937682}, {"id": 45, "img_name": "r_45", "width": 800, "height": 800, "position": [-1.0684733390808105, -3.288432836532593, 2.0723357200622554], "rotation": [[0.9510567784309386, -0.15885998308658603, 0.26505559682846075], [-0.3090161085128785, -0.4889222979545593, 0.8157597780227661], [2.380707528372134e-17, -0.8577402830123901, -0.514083206653595]], "fy": 1111.1110311937682, "fx": 1111.1110311937682}, {"id": 46, "img_name": "r_46", "width": 800, "height": 800, "position": [-0.8654139637947083, -3.370578050613403, 2.0347635746002197], "rotation": [[0.9685834050178528, -0.12552893161773682, 0.21468277275562286], [-0.24868896603584292, -0.4889048337936401, 0.8361374735832214], [-0.0, -0.8632582426071166, -0.5047627091407776]], "fy": 1111.1110311937682, "fx": 1111.1110311937682}, {"id": 47, "img_name": "r_47", "width": 800, "height": 800, "position": [-0.6561774611473081, -3.439820766448975, 1.9967634677886958], "rotation": [[0.9822873473167419, -0.09281624853610991, 0.16277758777141565], [-0.18738034367561338, -0.48656237125396723, 0.8533145189285276], [-1.2055653674967335e-17, -0.8687013983726503, -0.4953360557556152]], "fy": 1111.1110311937682, "fx": 1111.1110311937682}, {"id": 48, "img_name": "r_48", "width": 800, "height": 800, "position": [-0.44160315394401545, -3.4956769943237305, 1.9583741426467889], "rotation": [[0.992114841938019, -0.06088800355792044, 0.10954825580120087], [-0.12533223628997803, -0.48198205232620234, 0.867170751094818], [-0.0, -0.8740628361701965, -0.48581281304359436]], "fy": 1111.1110311937682, "fx": 1111.1110311937682}, {"id": 49, "img_name": "r_49", "width": 800, "height": 800, "position": [-0.22257083654403684, -3.5377197265625, 1.9196357727050783], "rotation": [[0.9980268478393554, -0.029900548979640007, 0.05521302670240401], [-0.06278950721025466, -0.4752633571624756, 0.8776002526283265], [-0.0, -0.8793353438377381, -0.4762030243873597]], "fy": 1111.1110311937682, "fx": 1111.1110311937682}, {"id": 50, "img_name": "r_50", "width": 800, "height": 800, "position": [3.7121180866961367e-06, -3.5655829906463627, 1.8805897235870361], "rotation": [[1.0, 4.856893838223187e-07, -9.208631581714145e-07], [1.0410971071905808e-06, -0.4665168523788452, 0.8845122456550597], [2.842171288304715e-14, -0.8845122456550597, -0.4665168821811676]], "fy": 1111.1110311937682, "fx": 1111.1110311937682}, {"id": 51, "img_name": "r_51", "width": 800, "height": 800, "position": [0.22517324984073647, -3.5789654254913335, 1.8412775993347168], "rotation": [[0.9980266690254214, 0.02868098206818104, -0.05585860833525659], [0.06279158592224122, -0.45586341619491577, 0.8878320455551147], [-3.0863769219433163e-18, -0.8895875811576843, -0.4567647576332093]], "fy": 1111.1110311937682, "fx": 1111.1110311937682}, {"id": 52, "img_name": "r_52", "width": 800, "height": 800, "position": [0.4519639909267426, -3.577631950378417, 1.8017430305480961], "rotation": [[0.9921146035194398, 0.05601910874247552, -0.1121184602379799], [0.12533432245254517, -0.4434330165386201, 0.8875011801719666], [-3.7252902942362412e-09, -0.8945552706718445, -0.4469574093818665]], "fy": 1111.1110311937682, "fx": 1111.1110311937682}, {"id": 53, "img_name": "r_53", "width": 800, "height": 800, "position": [0.6793807744979858, -3.5614171028137216, 1.7620300054550173], "rotation": [[0.982287049293518, 0.08190595358610153, -0.16853362321853635], [0.18738241493701932, -0.4293634593486786, 0.8834788203239439], [-1.2481821262457716e-17, -0.8994100093841553, -0.4371058344841004]], "fy": 1111.1110311937682, "fx": 1111.1110311937682}, {"id": 54, "img_name": "r_54", "width": 800, "height": 800, "position": [0.9064124822616576, -3.530226707458496, 1.7221834659576414], "rotation": [[0.9685828685760498, 0.10624606162309648, -0.22485326230525965], [0.2486909925937653, -0.41379907727241516, 0.8757414221763609], [7.450580611672629e-09, -0.9041471481323241, -0.42722111940383906]], "fy": 1111.1110311937682, "fx": 1111.1110311937682}, {"id": 55, "img_name": "r_55", "width": 800, "height": 800, "position": [1.1320374011993408, -3.4840393066406246, 1.6822491884231572], "rotation": [[0.9510562419891359, 0.12895776331424713, -0.2808239161968232], [0.30901810526847845, -0.3968896269798279, 0.8642837405204772], [-2.522321180113457e-17, -0.908761978149414, -0.4173146486282349]], "fy": 1111.1110311937682, "fx": 1111.1110311937682}, {"id": 56, "img_name": "r_56", "width": 800, "height": 800, "position": [1.3552293777465818, -3.4229068756103507, 1.642273187637329], "rotation": [[0.9297760128974917, 0.14997360110282898, -0.33619099855422974], [0.3681256473064423, -0.3787887692451477, 0.8491185903549195], [-0.0, -0.913250744342804, -0.4073978066444397]], "fy": 1111.1110311937682, "fx": 1111.1110311937682}, {"id": 57, "img_name": "r_57", "width": 800, "height": 800, "position": [1.574963092803955, -3.3469564914703365, 1.6023026704788206], "rotation": [[0.904826581478119, 0.16924019157886508, -0.390700250864029], [0.4257804155349732, -0.3596525788307189, 0.830277681350708], [-0.0, -0.9176098108291626, -0.3974823653697967]], "fy": 1111.1110311937682, "fx": 1111.1110311937682}, {"id": 58, "img_name": "r_58", "width": 800, "height": 800, "position": [1.7902200222015383, -3.256388664245606, 1.562384605407715], "rotation": [[0.8763061165809632, 0.1867184638977051, -0.4440989196300507], [0.48175472021102916, -0.33963865041732794, 0.8078106045722963], [-0.0, -0.9218361377716063, -0.38757991790771484]], "fy": 1111.1110311937682, "fx": 1111.1110311937682}, {"id": 59, "img_name": "r_59", "width": 800, "height": 800, "position": [1.9999942779541013, -3.1514778137207036, 1.5225665569305424], "rotation": [[0.8443272709846497, 0.20238344371318817, -0.49613755941390997], [0.5358279347419739, -0.3189043700695037, 0.7817854881286622], [-2.5699638055463064e-17, -0.9259270429611206, -0.37770232558250433]], "fy": 1111.1110311937682, "fx": 1111.1110311937682}, {"id": 60, "img_name": "r_60", "width": 800, "height": 800, "position": [2.2032985687255855, -3.0325720310211177, 1.4828966856002808], "rotation": [[0.8090162277221679, 0.21622391045093534, -0.5465710759162903], [0.5877862572669983, -0.2976058721542357, 0.7522885203361509], [-0.0, -0.929880678653717, -0.36786139011383057]], "fy": 1111.1110311937682, "fx": 1111.1110311937682}, {"id": 61, "img_name": "r_61", "width": 800, "height": 800, "position": [2.399169206619263, -2.9000895023345947, 1.4434226751327515], "rotation": [[0.7705124616622924, 0.22824217379093176, -0.5951606035232545], [0.6374250650405885, -0.2758966386318207, 0.7194236516952517], [-5.183048536425002e-17, -0.9336950182914734, -0.35806909203529363]], "fy": 1111.1110311937682, "fx": 1111.1110311937682}, {"id": 62, "img_name": "r_62", "width": 800, "height": 800, "position": [2.586671829223633, -2.7545182704925533, 1.4041924476623537], "rotation": [[0.7289677262306212, 0.23845364153385162, -0.6416743993759155], [0.6845480799674989, -0.2539266347885132, 0.6833119392395018], [-5.203444494224845e-17, -0.9373692274093628, -0.34833732247352606]], "fy": 1111.1110311937682, "fx": 1111.1110311937682}, {"id": 63, "img_name": "r_63", "width": 800, "height": 800, "position": [2.764907598495484, -2.596414089202881, 1.3652542829513548], "rotation": [[0.684546172618866, 0.24688589572906483, -0.6858890652656556], [0.7289695739746094, -0.23184068500995633, 0.644091010093689], [-1.490116117732463e-08, -0.9409024119377135, -0.33867788314819325]], "fy": 1111.1110311937682, "fx": 1111.1110311937682}, {"id": 64, "img_name": "r_64", "width": 800, "height": 800, "position": [2.9330163002014165, -2.426396369934082, 1.326655626296997], "rotation": [[0.6374230384826659, 0.2535783052444458, -0.7275917530059817], [0.7705140113830566, -0.2097777128219604, 0.6019147634506226], [-1.4901161192900827e-08, -0.9442941546440123, -0.32910272479057306]], "fy": 1111.1110311937682, "fx": 1111.1110311937682}, {"id": 65, "img_name": "r_65", "width": 800, "height": 800, "position": [3.0901839733123784, -2.2451446056365967, 1.2884440422058105], "rotation": [[0.5877843499183655, 0.25858119130134577, -0.7665802836418152], [0.8090176582336426, -0.18786977231502533, 0.5569518208503722], [2.1276878624170565e-17, -0.9475446343421936, -0.3196236193180084]], "fy": 1111.1110311937682, "fx": 1111.1110311937682}, {"id": 66, "img_name": "r_66", "width": 800, "height": 800, "position": [3.2356443405151367, -2.0533967018127437, 1.2506666183471677], "rotation": [[0.535825788974762, 0.26195481419563293, -0.8026645779609679], [0.8443286418914795, -0.16624112427234647, 0.5093850493431091], [-2.2278418755137583e-17, -0.9506542682647705, -0.31025218963623047]], "fy": 1111.1110311937682, "fx": 1111.1110311937682}, {"id": 67, "img_name": "r_67", "width": 800, "height": 800, "position": [3.3686842918395996, -1.851944446563721, 1.2133702039718628], "rotation": [[0.4817526042461396, 0.2637685835361481, -0.8356677293777466], [0.8763073682785034, -0.1450075656175613, 0.45941087603569025], [1.490116297557834e-08, -0.9536240696907042, -0.3010000884532929]], "fy": 1111.1110311937682, "fx": 1111.1110311937682}, {"id": 68, "img_name": "r_68", "width": 800, "height": 800, "position": [3.4886484146118164, -1.6416280269622803, 1.1766008138656616], "rotation": [[0.42577821016311634, 0.26409992575645447, -0.865427076816559], [0.9048275947570799, -0.12427559494972226, 0.4072377681732178], [7.450581491467897e-09, -0.9564552307128906, -0.2918787002563477]], "fy": 1111.1110311937682, "fx": 1111.1110311937682}, {"id": 69, "img_name": "r_69", "width": 800, "height": 800, "position": [3.5949413776397705, -1.4233325719833372, 1.140403747558594], "rotation": [[0.36812335252761835, 0.2630332708358764, -0.8917952775955201], [0.9297769665718079, -0.10414184629917145, 0.3530853986740112], [-0.0, -0.9591495394706725, -0.2828993797302246]], "fy": 1111.1110311937682, "fx": 1111.1110311937682}, {"id": 70, "img_name": "r_70", "width": 800, "height": 800, "position": [3.6870310306549077, -1.197983741760254, 1.1048241853713987], "rotation": [[0.3090157210826874, 0.2606591582298279, -0.9146398305892944], [0.9510568976402283, -0.08469292521476746, 0.29718318581581116], [-1.2693178258715112e-17, -0.961708903312683, -0.27407315373420715]], "fy": 1111.1110311937682, "fx": 1111.1110311937682}, {"id": 71, "img_name": "r_71", "width": 800, "height": 800, "position": [3.7644519805908194, -0.9665415883064269, 1.069905757904053], "rotation": [[0.24868859350681305, 0.2570726573467255, -0.9338455200195312], [0.9685835242271424, -0.066004678606987, 0.23976944386959076], [-3.725290300052162e-09, -0.9641353487968445, -0.2654109299182892]], "fy": 1111.1110311937682, "fx": 1111.1110311937682}, {"id": 72, "img_name": "r_72", "width": 800, "height": 800, "position": [3.8268063068389893, -0.7299969792366028, 1.0356919765472414], "rotation": [[0.18738000094890594, 0.2523727715015412, -0.9493138194084166], [0.9822875261306762, -0.04814233258366585, 0.18108996748924255], [-3.7252902977062445e-09, -0.9664316773414612, -0.2569235563278198]], "fy": 1111.1110311937682, "fx": 1111.1110311937682}, {"id": 73, "img_name": "r_73", "width": 800, "height": 800, "position": [3.8737666606903076, -0.48936504125595104, 1.0022244453430174], "rotation": [[0.125331848859787, 0.24666087329387662, -0.9609631896018982], [0.9921149015426635, -0.031160164624452594, 0.12139651924371721], [-0.0, -0.9686007499694824, -0.24862127006053925]], "fy": 1111.1110311937682, "fx": 1111.1110311937682}, {"id": 74, "img_name": "r_74", "width": 800, "height": 800, "position": [3.9050767421722408, -0.245681032538414, 0.9695447683334351], "rotation": [[0.06278909742832184, 0.24003985524177548, -0.9687302708625793], [0.9980267882347108, -0.015101686120033266, 0.060945961624383926], [-9.313225734782985e-10, -0.9706454873085023, -0.2405144572257996]], "fy": 1111.1110311937682, "fx": 1111.1110311937682}, {"id": 75, "img_name": "r_75", "width": 800, "height": 800, "position": [3.9205524921417236, 5.655147106153892e-06, 0.9376928806304932], "rotation": [[-1.4424362007048337e-06, 0.23261295258998868, -0.9725693464279174], [0.9999999403953554, 3.3552933587088784e-07, -1.4028693158252285e-06], [-2.842170939775597e-14, -0.9725692272186279, -0.2326129674911499]], "fy": 1111.1110311937682, "fx": 1111.1110311937682}, {"id": 76, "img_name": "r_76", "width": 800, "height": 800, "position": [3.920083045959473, 0.24663649499416354, 0.9067077636718751], "rotation": [[-0.06279198825359343, 0.2244826704263688, -0.9724528789520265], [0.9980267286300659, 0.014123584143817428, -0.06118298321962356], [9.313226869209182e-10, -0.9743757247924806, -0.2249265164136887]], "fy": 1111.1110311937682, "fx": 1111.1110311937682}, {"id": 77, "img_name": "r_77", "width": 800, "height": 800, "position": [3.903630256652832, 0.4931491017341615, 0.8766271471977235], "rotation": [[-0.1253347247838974, 0.21574962139129641, -0.9683714509010314], [0.9921145439147949, 0.0272558443248272, -0.12233523279428482], [1.8626453723869536e-09, -0.9760681986808778, -0.21746443212032318]], "fy": 1111.1110311937682, "fx": 1111.1110311937682}, {"id": 78, "img_name": "r_78", "width": 800, "height": 800, "position": [3.8712282180786133, 0.7384824156761168, 0.8474875688552856], "rotation": [[-0.18738281726837158, 0.20651188492774963, -0.9603335261344909], [0.9822869896888733, 0.03939457610249519, -0.18319493532180783], [-0.0, -0.9776507616043091, -0.2102357894182205]], "fy": 1111.1110311937682, "fx": 1111.1110311937682}, {"id": 79, "img_name": "r_79", "width": 800, "height": 800, "position": [3.8229837417602535, 0.9815817475318911, 0.8193241357803345], "rotation": [[-0.2486913949251175, 0.1968637704849243, -0.9483655095100403], [0.9685827493667603, 0.050546355545520776, -0.2435004562139511], [3.725290303569034e-09, -0.9791269302368165, -0.20324930548667908]], "fy": 1111.1110311937682, "fx": 1111.1110311937682}, {"id": 80, "img_name": "r_80", "width": 800, "height": 800, "position": [3.759073972702027, 1.2214037179946902, 0.7921710014343262], "rotation": [[-0.30901849269866943, 0.18689529597759247, -0.9325113892555237], [0.9510560035705566, 0.06072628870606424, -0.3029929399490357], [-0.0, -0.9805011153221131, -0.1965134143829346]], "fy": 1111.1110311937682, "fx": 1111.1110311937682}, {"id": 81, "img_name": "r_81", "width": 800, "height": 800, "position": [3.6797461509704585, 1.4569213390350342, 0.7660605311393738], "rotation": [[-0.36812603473663336, 0.17669110000133517, -0.9128326773643494], [0.9297758936882019, 0.06995727866888048, -0.36141771078109747], [-1.2668097882883022e-17, -0.9817770719528198, -0.19003622233867645]], "fy": 1111.1110311937682, "fx": 1111.1110311937682}, {"id": 82, "img_name": "r_82", "width": 800, "height": 800, "position": [3.5853147506713867, 1.6871281862258911, 0.7410240173339844], "rotation": [[-0.42578077316284185, 0.16633008420467377, -0.8894070982933043], [0.9048263430595398, 0.07826933264732361, -0.4185249805450439], [7.450580587567869e-09, -0.9829587936401366, -0.18382543325424197]], "fy": 1111.1110311937682, "fx": 1111.1110311937682}, {"id": 83, "img_name": "r_83", "width": 800, "height": 800, "position": [3.4761607646942143, 1.9110430479049683, 0.7170910835266113], "rotation": [[-0.4817551374435425, 0.15588465332984924, -0.8623294234275819], [0.8763059377670286, 0.0856986418366432, -0.47407147288322443], [-7.450580593963896e-09, -0.9840505719184874, -0.177888423204422]], "fy": 1111.1110311937682, "fx": 1111.1110311937682}, {"id": 84, "img_name": "r_84", "width": 800, "height": 800, "position": [3.3527290821075426, 2.1277146339416504, 0.6942901611328125], "rotation": [[-0.5358282327651976, 0.14542029798030848, -0.8317096829414368], [0.8443269729614258, 0.09228686988353728, -0.5278210043907166], [-7.450580590433369e-09, -0.9850563406944274, -0.1722321957349777]], "fy": 1111.1110311937682, "fx": 1111.1110311937682}, {"id": 85, "img_name": "r_85", "width": 800, "height": 800, "position": [3.2155249118804936, 2.3362240791320796, 0.6726480722427367], "rotation": [[-0.5877866148948669, 0.1349952071905136, -0.7976736426353455], [0.8090159893035889, 0.09808011353015897, -0.5795459151268005], [-0.0, -0.9859799742698668, -0.16686347126960752]], "fy": 1111.1110311937682, "fx": 1111.1110311937682}, {"id": 86, "img_name": "r_86", "width": 800, "height": 800, "position": [3.065113306045531, 2.5356910228729244, 0.6521900892257689], "rotation": [[-0.6374253630638121, 0.12465994805097577, -0.7603610157966614], [0.7705122232437133, 0.10312803834676741, -0.6290275454521178], [-7.450581491819916e-09, -0.986825406551361, -0.1617884486913681]], "fy": 1111.1110311937682, "fx": 1111.1110311937682}, {"id": 87, "img_name": "r_87", "width": 800, "height": 800, "position": [2.9021131992340097, 2.725275278091431, 0.6329401135444641], "rotation": [[-0.6845483779907225, 0.11445745825767517, -0.7199256420135498], [0.7289673686027527, 0.10748308897018434, -0.6760575771331787], [-9.990975137178782e-18, -0.9875965118408203, -0.15701311826705933]], "fy": 1111.1110311937682, "fx": 1111.1110311937682}, {"id": 88, "img_name": "r_88", "width": 800, "height": 800, "position": [2.7271976470947266, 2.9041807651519775, 0.6149204969406127], "rotation": [[-0.7289698123931886, 0.1044226810336113, -0.6765344142913817], [0.6845458149909973, 0.11119923740625384, -0.720438480377197], [-7.450580608798823e-09, -0.9882968068122864, -0.15254297852516172]], "fy": 1111.1110311937682, "fx": 1111.1110311937682}, {"id": 89, "img_name": "r_89", "width": 800, "height": 800, "position": [2.5410878658294678, 3.071658611297608, 0.5981520414352417], "rotation": [[-0.7705144286155701, 0.09458284825086594, -0.630366325378418], [0.6374226808547974, 0.11433143168687822, -0.7619847059249879], [7.450581473527382e-09, -0.9889299273490905, -0.1483832597732544]], "fy": 1111.1110311937682, "fx": 1111.1110311937682}, {"id": 90, "img_name": "r_90", "width": 800, "height": 800, "position": [2.344551086425781, 3.227010011672973, 0.5826539993286133], "rotation": [[-0.8090180754661561, 0.08495748788118361, -0.5816116333007812], [0.5877838134765624, 0.11693438887596128, -0.8005227446556091], [-7.450580617411411e-09, -0.9894990921020508, -0.1445386856794357]], "fy": 1111.1110311937682, "fx": 1111.1110311937682}, {"id": 91, "img_name": "r_91", "width": 800, "height": 800, "position": [2.138397455215454, 3.369588613510132, 0.5684441328048707], "rotation": [[-0.8443289399147035, 0.075558677315712, -0.5304710865020751], [0.535825252532959, 0.1190618947148323, -0.8358920216560364], [-0.0, -0.9900076985359192, -0.14101363718509674]], "fy": 1111.1110311937682, "fx": 1111.1110311937682}, {"id": 92, "img_name": "r_92", "width": 800, "height": 800, "position": [1.9234746694564824, 3.498802900314331, 0.5555387735366821], "rotation": [[-0.8763076066970826, 0.06639131903648378, -0.47715532779693604], [0.4817520678043365, 0.12076588720083235, -0.8679461479187012], [-3.725290744793811e-09, -0.9904583692550659, -0.13781221210956576]], "fy": 1111.1110311937682, "fx": 1111.1110311937682}, {"id": 93, "img_name": "r_93", "width": 800, "height": 800, "position": [1.7006664276123042, 3.6141180992126465, 0.5439524650573732], "rotation": [[-0.904827892780304, 0.05745357647538185, -0.42188340425491333], [0.4257775843143463, 0.12209566682577133, -0.896552324295044], [-0.0, -0.9908540248870851, -0.13493800163269043]], "fy": 1111.1110311937682, "fx": 1111.1110311937682}, {"id": 94, "img_name": "r_94", "width": 800, "height": 800, "position": [1.4708871841430664, 3.7150580883026123, 0.5336983799934388], "rotation": [[-0.9297771453857423, 0.04873733967542649, -0.3648822009563446], [0.368122696876526, 0.12309717386960986, -0.9215924739837648], [2.0633433495490666e-17, -0.9911970496177672, -0.1323942691087723]], "fy": 1111.1110311937682, "fx": 1111.1110311937682}, {"id": 95, "img_name": "r_95", "width": 800, "height": 800, "position": [1.2350789308547976, 3.801207304000855, 0.5247880816459656], "rotation": [[-0.9510571956634523, 0.04022879898548127, -0.30638539791107183], [0.30901512503623957, 0.12381233274936675, -0.9429636001586915], [-0.0, -0.9914898276329042, -0.13018392026424408]], "fy": 1111.1110311937682, "fx": 1111.1110311937682}, {"id": 96, "img_name": "r_96", "width": 800, "height": 800, "position": [0.9942068457603456, 3.8722116947174077, 0.5172316431999207], "rotation": [[-0.968583703041077, 0.03190899640321732, -0.24663236737251287], [0.24868799746036532, 0.12427836656570432, -0.9605774879455565], [3.7252907415791e-09, -0.9917340874671937, -0.1283093839883804]], "fy": 1111.1110311937682, "fx": 1111.1110311937682}, {"id": 97, "img_name": "r_97", "width": 800, "height": 800, "position": [0.7492559552192686, 3.9277801513671866, 0.5110374689102172], "rotation": [[-0.9822877049446105, 0.023754602298140522, -0.18586751818656919], [0.1873793452978134, 0.12452735006809232, -0.9743623137474058], [-0.0, -0.9919318556785583, -0.12677279114723203]], "fy": 1111.1110311937682, "fx": 1111.1110311937682}, {"id": 98, "img_name": "r_98", "width": 800, "height": 800, "position": [0.5012269616127014, 3.9676845073699956, 0.5062126517295837], "rotation": [[-0.9921149015426635, 0.015738580375909802, -0.12433910369873045], [0.12533120810985562, 0.12458572536706923, -0.9842613935470581], [-0.0, -0.9920840263366699, -0.12557590007781982]], "fy": 1111.1110311937682, "fx": 1111.1110311937682}, {"id": 99, "img_name": "r_99", "width": 800, "height": 800, "position": [0.25113210082054144, 3.991761684417725, 0.5027624368667605], "rotation": [[-0.9980269074440004, 0.007830976508557798, -0.06229821220040323], [0.06278846412897111, 0.12447391450405121, -0.9902343153953553], [4.656612889577848e-10, -0.9921919703483582, -0.12472002208232882]], "fy": 1111.1110311937682, "fx": 1111.1110311937682}, {"id": 100, "img_name": "r_100", "width": 800, "height": 800, "position": [-8.328596777573694e-06, 3.999913692474365, 0.5006908178329468], "rotation": [[-1.0, -2.58621213333754e-07, 2.0660704649344552e-06], [-2.0821942143811616e-06, 0.12420611083507538, -0.992256462574005], [-2.842170941574742e-14, -0.992256462574005, -0.12420610338449477]], "fy": 1111.1110311937682, "fx": 1111.1110311937682}, {"id": 101, "img_name": "r_101", "width": 800, "height": 800, "position": [-0.25117048621177673, 3.992106437683104, 0.5], "rotation": [[-0.9980265498161316, -0.0077884658239781865, 0.062307726591825485], [-0.06279261410236359, 0.1237899661064148, -0.9903197288513184], [8.606638497734085e-19, -0.9922778606414795, -0.12403473258018494]], "fy": 1111.1110311937682, "fx": 1111.1110311937682}, {"